%YAML:1.0
---
camera_matrix: !!opencv-matrix
   rows: 3
   cols: 3
   dt: d
   data: [ 1.6775213388270136e+03, 0., 7.6750000000000000e+02, 0.,
       1.6749329443082190e+03, 4.3150000000000000e+02, 0., 0., 1. ]
dist_coeffs: !!opencv-matrix
   rows: 1
   cols: 5
   dt: d
   data: [ -1.6767368364496528e-02, 3.0252426279546357e-01,
       -1.2744873995757724e-03, 2.0727807585848566e-03,
       -7.5047365841396552e-01 ]
